50303344
55003087
61012173
61302567
61302818
61302825
61302851
61302975
67701613
67701642
67701649
67701712
69208414
69208436
69208474
69208741
70003703
70004384
70004533
70004654
70004709
70004781
70004813
70004924
70004932
70004974
70004990
70005000
70005005
70005009
70005011
70005012
70005019
70005027
70005028
70005034
70005035
70005062
70005069
70005088
70005093
70005099
70005279
70500016
70500269
70500293
70500480
70500609
70500929
70501129
70501444
70501559
70501680
70501953
70501972
70501996
70502005
70502016
70502017
70502033
70502078
70502094
70502191
70502225
70502380
70502386
70502490
70502498
70502504
70502520
70502610
70502773
70502789
70502801
70502816
70502857
70502866
70502920
70502944
70502975
70502977
70503043
70503061
70503062
70503069
70503073
70503098
70503126
70503127
70503142
70503164
70503182
70503189
70503193
70503207
70503216
70503220
70503252
70503259
70503265
70503276
70503277
70503285
70503292
70503313
70503324
70503326
70503328
70503331
70503332
70503341
70503349
70503350
70503353
70503362
70503370
70503373
70503377
70503380
70503384
70503389
70503411
70503420
70503424
70503430
70503443
70503472
70503477
70503480
70503481
70503488
70503489
70503492
70503494
70503518
70503522
70503523
70503527
70503532
70503534
70503551
70503553
70503557
70503558
70503559
70503561
70503568
70503571
70503573
70503588
70503603
70503605
70503608
70503609
70503610
70503611
70503615
70503644
70601715
70601723
70601811
70601855
70601860
70601879
70601886
70601894
70601898
70601910
70601913
70705292
70705759
70706169
70706218
70706284
70706314
70706395
70706396
70706400
70706423
70706458
70706465
70706517
70706544
70706575
70706581
70706604
70706605
70706607
70706619
70706627
70706655
70706668
70706670
70706675
70706679
70706687
70706696
70706712
71101601
71101739
71102750
71102786
71102803
71102862
71102881
71102979
71103082
71103149
71103152
71103157
71103315
71103349
71103362
71103380
71103547
71103642
71103649
71103668
71103722
71103786
71103826
71103861
71103894
71103932
71103934
71103969
71103980
71104043
71104046
71104095
71104110
71104156
71104160
71104203
71104301
71104306
71104315
71104316
71104333
71104335
71104341
71104364
71104366
71104373
71104377
71104387
71104390
71104398
71104400
71104424
71104429
71104436
71104446
71104451
71104454
71104456
71104458
71104459
71104460
71104465
71104467
71104478
71104481
71104482
71104488
71104491
71104494
71104496
71104500
71104505
71104516
71104517
71104521
71104526
71104528
71104531
71104537
71104539
71104551
71104558
71104566
71104572
71104577
71104581
71104582
71104592
71104598
71104599
71104604
71104608
71104617
71104621
71104622
71104648
71104653
71104662
71104665
71104670
71203107
71203154
71203228
71203307
71203325
71203332
71203352
71203354
71203358
71203373
71203383
71203404
71203408
71203414
71203431
71203432
71203433
71203437
71203449
71203452
71203463
71203472
71203474
71305294
71305555
71305720
71305790
71305880
71305913
71305973
71305993
71305999
71306003
71306008
71306015
71306036
71306038
71306040
71306060
71306074
71306107
71306110
71306111
71306146
71306149
71306162
71306244
71306245
71306259
71306304
71306327
71306333
71306336
71306339
71306340
71306347
71306350
71306356
71306363
71306370
71306386
71306388
71306417
71306430
71405785
71405972
71406125
71406127
71406155
71406234
71406263
71406342
71406352
71406357
71406396
71406450
71406453
71406474
71406481
71406498
71406500
71406504
71406511
71406532
71406567
71406573
71406593
71406595
71406598
71406625
71406627
71406650
71406651
71406653
71406655
71406659
71406672
71406685
71406688
71406691
71406699
71406709
71406746
71406750
71406752
71406754
71406756
71406762
71406764
71406766
71406768
71406775
71406780
71406792
71406803
71406816
71406819
71406836
71500352
71500383
71500403
71502017
71502693
71502945
71502972
71503013
71503025
71503091
71503199
71503288
71503292
71503300
71503328
71503335
71503344
71503355
71503358
71503401
71503427
71503434
71503458
71503459
71503484
71503492
71503494
71503523
71503527
71503547
71503556
71503569
71503593
71503597
71503608
71503611
71503621
71503633
71503640
71503643
71503659
71503664
71503685
71503690
71503699
71503702
71503709
71503714
71503741
71603952
71604278
71604294
71604386
71604429
71604433
71604461
71604468
71604472
71604626
71604664
71604693
71604757
71604764
71604874
71604906
71604956
71604969
71605022
71605024
71605025
71605037
71605039
71605052
71605059
71605095
71605170
71605218
71605228
71605236
71605240
71605265
71605287
71605288
71605306
71605316
71605327
71605346
71605351
71605372
71605380
71605383
71605442
71605501
71700232
71700264
71700289
71700302
71700334
71700341
71700343
71700353
71700368
71700372
72001002
72001098
72001199
72001419
72001508
72001516
72001545
72001667
72001669
72001686
72001691
73303347
73303380
73303449
73303451
73303456
74800607
74800635
74800663
74800672
74800675
74800679
75200993
75203138
75203422
75204039
75204584
75204736
75204772
75205007
75205416
75205440
75205447
75205612
75205710
75205796
75205801
75205821
75205845
75205885
75205886
75205891
75205897
75205902
75205924
75205929
75205942
75205980
75205984
75206021
75206027
75206055
75206092
75206145
77000036
77000165
77000529
77000947
77001099
77001649
77002093
77002314
77002550
77002640
77002670
77002905
77002935
77003005
77003036
77003062
77003101
77003120
77003125
77003126
77003147
77003229
77003231
77003235
77003242
77003245
77003262
77006442
77100307
77100330
77100945
77101634
77101754
77101919
77101924
77101989
77102082
77102120
77102295
77102396
77102458
77102502
77102508
77102533
77102596
77102597
77102617
77102621
77102632
77102635
77102668
77102674
77102676
77102692
77102697
77102719
77102729
77102766
77102791
77102804
77102810
77102812
77102813
77102816
77102821
77102829
77102847
77102853
77102855
77102856
77600427
77602317
77602570
77602640
77603535
77603717
77603745
77603915
77603997
77604020
77604070
77604183
77604203
77604347
77604453
77604478
77604542
77604547
77604575
77604596
77604602
77604633
77604646
77604647
77604659
77604678
77604692
77604694
77604734
77604747
77604759
77604768
77604788
77604803
77604807
77604812
77604813
77604814
77604827
77604828
77604831
77604849
77604850
77604859
77604871
77604876
77604877
77604891
77604905
78602269
78603010
78603189
78603427
78603437
78603508
78603590
78603715
78603751
78603768
78603771
78603923
78603928
78603949
78603997
78604028
78604083
78604104
78604230
78604247
78604260
78604264
78604338
78604373
78604402
78604463
78604500
78604572
78604578
78604588
78604615
78604636
78604640
78604697
78604700
78604708
78604710
78604720
78604728
78604739
78604742
78604745
78604779
78604783
78604792
78604803
78604819
78604821
78604830
78604892
78604909
78604919
78604922
78604923
78604927
78604930
78604939
78604957
78604961
78604968
78604990
78605011
78605025
78605026
78605031
78605032
78605038
78605042
78605043
78605044
78605050
78605051
78605067
78605068
78605079
78605081
78605094
78605102
78605119
78605120
78605122
78605123
78605130
78605156
79000464
79000883
79001549
79001561
79001874
79001925
79002055
79002092
79002303
79002349
79002358
79002544
79002581
79002626
79002637
79002667
79002720
79002958
79002971
79002995
79003005
79003019
79003120
79003181
79003231
79003246
79003322
79003361
79003427
79003433
79003507
79003597
79003657
79003729
79003737
79003811
79003821
79003829
79003870
79003880
79003882
79003888
79003935
79003938
79003940
79003984
79003985
79003989
79004010
79004011
79004027
79004028
79004037
79004041
79004042
79004061
79004065
79004068
79004080
79004092
79004137
79004153
79004157
79004163
79004165
79004174
79004181
79004185
79004200
79004222
79004225
79004917
80005857
82102741
82102964
82102994
82103113
82103131
82103154
82103175
82103214
82103241
82103242
82203790
82203811
82203898
82203967
82203987
82204004
82204032
82406071
82406570
82406577
82406585
82406593
82406608
82406683
82406777
82406798
82406815
82406855
82406952
82406956
82604066
82604120
82604161
82604162
82604164
82604200
82604201
82604225
82604255
82604268
82702852
82703057
82703080
82703171
82703190
83002933
83003014
83003033
83003288
83003297
83003368
83003371
83003375
83003441
83003445
83003461
83101822
83102154
83102186
83203400
83203507
83203511
83203518
83203541
83203542
83203543
83203546
83203559
83302098
83302157
83302176
83302182
83302207
83606903
83606958
83607103
83607119
83607187
83607348
83608025
83608035
83608106
83608112
83608143
83608164
83608243
83608347
83608356
83608399
83608428
83608457
83608464
83608466
83608488
83608498
83608507
83608511
83608512
83608522
83608524
83608559
83608569
83608575
83608584
83608585
83608608
83608618
83608627
83701414
83702589
83702619
83702780
83702783
83702798
83702803
83702853
83702880
83702892
83702910
83702941
83702949
83802221
83802661
83802682
83802710
83802756
83802772
84006026
84006099
84006241
84006252
84006271
84006321
84006333
84006390
84006421
84006434
84006445
84006470
84006491
84006505
84006512
84006513
84006539
84006561
84104226
84104455
84104636
84104671
84104697
84104729
84104742
84104746
84104751
84104770
84104773
84104792
84104793
84104799
84104814
84603963
84604574
84604617
84604675
84604711
84604718
84604764
84604804
84604855
84604856
84604866
84604915
84604920
84604921
84604964
84604967
84604976
84604982
84604984
84604998
84605044
84605047
84605076
84605093
84605116
84605118
84605131
84605145
84605158
84605184
85100152
85100453
85100799
85100967
85101010
85101022
85101056
85101074
85101077
85101082
85101113
85101119
85101146
85101170
85101206
85201273
85202070
85202250
85202419
85202680
85202701
85202760
85202930
85202951
85202955
85202958
85202961
85202996
85203008
85203039
85203050
85203052
85203085
85203089
85203094
85203112
85203117
85203150
85203151
85203152
85203155
85203168
85203170
85203181
85203189
85203198
85203211
85203245
85203256
85203265
85203267
85203275
85203279
85203281
85203296
85203300
85203301
85203306
85303992
85304033
85304074
85304239
85304308
85304352
85304381
85304466
85304622
85304649
85304907
85304909
85304955
85304966
85304970
85304976
85502255
85503044
85503288
85503657
85504058
85504115
85504116
85504129
85504233
85504240
85504255
85504256
85504270
85504274
85504283
85504303
85504308
85504309
85504313
85504322
85504326
85504360
85504395
85504399
85504438
85504442
85504443
85504444
85504453
85504469
85504471
85504474
85504535
85504536
85504538
85504548
85504560
85504561
85801001
86003361
86003704
86003736
86003760
86003804
86003828
86003865
86003868
86003902
86003923
86003925
86003926
86003927
86003929
86003932
86003957
86003962
86003970
86103448
86103636
86103704
86103777
86103876
86103895
86104091
86104147
86104181
86104223
86104260
86104283
86104297
86104347
86104354
86104364
86104395
86104419
86104454
86104464
86104475
86104479
86104487
86104526
86104537
86104540
86104544
86104595
86104597
86104599
86104601
86104604
86104606
86104611
86104613
86104615
86104619
86104621
86104626
86104631
86104632
86104634
86104642
86104645
86104649
86104652
86104658
86104664
86104674
86104677
86104678
86104686
86104698
86104703
86104709
86302951
86304514
86304725
86304765
86305014
86305224
86305291
86305458
86305525
86305593
86305604
86305654
86305688
86305699
86305702
86305709
86305757
86305807
86305812
86305824
86305832
86305838
86305840
86305846
86305850
86305855
86305858
86305862
86305865
86305867
86305874
86305884
86305918
86801995
86802011
86802025
86802047
86802051
86802052
87001872
87003261
87003461
87003697
87003728
87003900
87003964
87003988
87004028
87004032
87004062
87004097
87004113
87004122
87004139
87004148
87004157
87004174
87004179
87004183
87004207
87004211
87004226
87004229
87103539
87104229
87105235
87105283
87105295
87105450
87105477
87105605
87105627
87105636
87105644
87105648
87105794
87105797
87105808
87105850
87105867
87105884
87105892
87105910
87105936
87105951
87105954
87105985
87105987
87105992
87106000
87106007
87106014
87106027
87106042
87106061
87106067
87106073
87106075
87106094
87106101
87106131
87106132
87106133
87106137
87106138
87106147
87106174
87106181
87106190
87201520
87202954
87203034
87203157
87203216
87203231
87203267
87203269
87203305
87203321
87203322
87203324
87203327
87203329
87203344
87203348
87203349
87203359
87203364
87203365
87203378
87203389
87203392
87400301
87400343
87400366
87400370
87400381
87400382
87400392
87400397
87400402
87506952
87507319
87507519
87507752
87507787
87507789
87507887
87507968
87508013
87508085
87508086
87508098
87508162
87508196
87508227
87508229
87508236
87508251
87508265
87508274
87508298
87508305
87508333
87508340
87508355
87508357
87508358
87508371
87508377
87508379
87508400
87508416
87508425
87508427
87508428
87508429
87508431
87508436
87508440
87508442
87508458
87508463
87508467
87600349
87601342
87601360
87601656
87601777
87601798
87601841
87601857
87601866
87601871
87601878
87601879
87601914
87601929
87601931
87601940
87601948
87601961
87601974
87601975
87601983
87601984
87601989
88101995
88102181
88102686
88102911
88103028
88103295
88103324
88103396
88103430
88103484
88103507
88103555
88103586
88103624
88103663
88103689
88103691
88103695
88103764
88103765
88103793
88103797
88103798
88103818
88103820
88103839
88103842
88103855
88103858
88103859
88103868
88103875
88103886
88103889
88103890
88103900
88103924
88103927
88103931
88103938
88103952
88103957
88103959
88103968
88103981
88104007
88104008
88104023
88104026
88104038
88202709
88202833
88202868
88202986
88203032
88203207
88203238
88203380
88203481
88203532
88203680
88203716
88203739
88203774
88203871
88203875
88203883
88203926
88203932
88203938
88203962
88204046
88204052
88204247
88204319
88204372
88204386
89001307
89002032
89002163
89002411
89002697
89002816
89002819
89002825
89002835
89002837
89002872
89002882
89002894
89002898
89002907
89002913
89002930
89002931
89002966
89002969
89002973
89003031
89003033
89003043
89003049
89003075
89003104
89003114
89003115
89003117
89003119
89003128
89003143
89003146
89003173
89102681
89102736
89102767
89102994
89103050
89103212
89103220
89103261
89103274
89103292
89103302
89103313
89103373
89103382
89103385
89103405
89103412
89103431
89103515
89103521
89103535
89103563
89103585
89103598
89103605
89103619
89103640
89103661
89103662
89103675
89103684
89103690
89103695
89103698
89103701
89103703
89103705
89103706
89103730
89103732
89103735
89103742
89103750
89103772
89103796
89103803
89103816
89103824
89103825
89103836
89103839
89103842
89103850
89103863
89303092
89303848
89304091
89304151
89304225
89304267
89304395
89304507
89304509
89304566
89304569
89304633
89304647
89304672
89304713
89304722
89304725
89304728
89304736
89304776
89304788
89304792
89304804
89304808
89304812
89304827
89304828
89304845
89304846
89304847
89304861
89304866
89304872
89304873
89304882
89304884
89304886
89304904
89304905
89304910
89304922
89304935
89304937
89304943
89304950
89304960
89304964
89304981
89304984
89304989
89305014
89305021
89305028
89305029
89305031
89305041
89305042
89305045
89305051
90003130
90004590
90005442
90005488
90005526
90005572
90005577
90005588
90005592
90005628
90005632
90005646
90005651
90102442
90102915
90102968
90103151
90103265
90103318
90103320
90103322
90103324
90103326
90103328
91003547
91003697
91003698
91003700
91003707
91003712
91003715
91102799
91103737
91103743
91103978
91104087
91104350
91104507
91104583
91104643
91104661
91104699
91104760
91104791
91104799
91104837
91302325
91302586
91302825
91303303
91303422
91303734
91303766
91303839
91303882
91303913
91303915
91303945
91303957
91303962
91303971
91304083
91304088
91304091
91304093
91304181
91304250
91304295
91304296
91304336
91304344
91304358
91304397
91304406
91304419
91304425
91304429
91304430
91304437
91304450
91304456
91304458
91304459
91304460
91304462
91304470
91304483
91304485
91304493
91501840
91501859
91502615
91502686
91502717
91502727
92101357
92101388
92101396
92101398
92101407
92101412
92301023
92301538
92301747
92301872
92301925
92301954
92302204
92302272
92302343
92302396
92302407
92302414
92302416
92302417
92302419
92302420
92302421
92302422
92302432
92302439
92302445
92302447
92302458
92302468
92302482
92302483
92302486
92302489
92302492
92302494
92400904
92401749
92401986
92402130
92402174
92402290
92402422
92402524
92402556
92402626
92402772
92402784
92402792
92402804
92402805
92402809
92402813
92402820
92402821
93002585
93004881
93005078
93005285
93005355
93005358
93005511
93005583
93005610
93005619
93005629
93005632
93005647
93005678
93005699
93005710
93005729
93005749
93005760
93005776
93005783
93005784
93005785
93005789
93005795
93005796
93005809
93005816
93005826
93005831
93005870
93005871
93005883
93005884
93005893
93005894
93005904
93005905
93005907
93005910
93005919
93005925
93005936
93005946
93005947
93005948
93005952
93005966
93005977
93005987
93005989
93005995
93005997
93006004
93006016
93302654
93302795
93302910
93302938
93303001
93303044
93303061
93303073
93303125
93303142
93303148
93303159
93303173
93303179
93303181
93303185
93303190
93303192
93303196
93303198
93303201
93303209
93303210
93303212
93303213
93303217
93303223
93303225
93303228
93303234
93303235
93303236
93303243
93801556
93802258
93802386
93802480
93802565
93802627
93802635
93802639
93802665
93802671
93802682
93802684
93802713
93802733
93802738
93802740
93802747
93802758
93802764
93802776
93802777
93802808
94002259
94002306
94002323
94002329
94002336
94002359
94002366
94002388
94002399
94002414
94002422
94002428
94002431
94002450
94002455
94002470
94002477
94002480
94002488
94002502
94002520
94401805
94402906
94402948
94403028
94403121
94403123
94403190
94403195
94403225
94403259
94403261
94403266
94403273
94403282
94403394
94403399
94403407
94403417
94403435
94403493
94403501
94403509
94403511
94403518
94403523
94403525
94403527
94403530
94403534
94403540
94403543
94403545
94403561
94403570
94403574
94403576
94403579
94403581
94403585
94403598
94403601
94403613
94600566
94600677
94600681
94600921
94600990
94601252
94601423
94601437
94601451
94601519
94601557
94601594
94601630
94601721
94601726
94601729
94601742
94601772
94601773
94601798
94601866
94601896
94601940
94601943
94601996
94602004
94602021
94602106
94602115
94602169
94602171
94602189
94602194
94602198
94602203
94602218
94602222
94602243
94602250
94602253
94602260
94602264
94602267
94602268
94602291
94602299
94602301
94602334
94602336
94602337
94602345
94602346
94602347
94602348
94602354
94602357
94602360
94602368
94602370
94602372
94602373
94602375
94602377
94602381
94602385
94602386
94602387
94602388
94602389
94602391
94602392
94602394
94602398
94602399
94602401
94602403
94602409
94602415
94602417
94602421
94602429
94802417
94802596
94802828
94802830
94802844
94802893
94802966
94803017
94803021
94803072
94803078
94803080
94803083
94803085
94803088
94803139
94803140
94803141
94803150
94803183
94803259
95201087
95206274
95206573
95206955
95207019
95207199
95207210
95207317
95207379
95207416
95207419
95207427
95207461
95207520
95207535
95207550
95207551
95207557
95207562
95207566
95207598
95207599
95207601
95207604
95207638
95207640
95207678
95207691
95207709
95207712
95207724
95207732
95207735
95207737
95207739
95207741
95207744
95207750
95207753
95207763
95207781
95207783
95207785
95207788
95207795
95207798
95207803
95207805
95207812
95207814
95207816
95207840
95207842
95207846
95207848
95207855
95207858
95207859
95207864
95207865
95207867
95207877
95207881
95207898
95207900
95207909
95207918
95302322
95302773
95303241
95303292
95303303
95303318
95303326
95303364
95303428
95303433
95303435
95303446
95303448
95303449
95303457
95303460
95303482
95303485
95303487
95303488
95303494
95303502
95303517
95303519
95303523
95303546
95600532
95602448
95602544
95602742
95602822
95602858
95603014
95603117
95603127
95603138
95603174
95603199
95603200
95603201
95603221
95603228
95603235
95603243
95603245
95603249
95603250
95603252
95603253
95701775
95703409
95704559
95704634
95705018
95705110
95705116
95705223
95705262
95705464
95705528
95705540
95705554
95705576
95705616
95705627
95705629
95705637
95705677
95705685
95705688
95705693
95705703
95705711
95705723
95705724
95705727
95705735
95705741
95705754
95705758
95705759
95705760
95705764
95705775
95705778
95705782
95705796
95705801
95705825
95801894
95802408
95802766
95802821
95802839
95802863
96401352
96401840
96402424
96402446
96402611
96402620
96402629
96402637
96402670
96402685
96402689
96402690
96402707
96402709
96402725
96402727
96402730
96402743
96402744
96402745
96402758
96402759
96402766
96402771
96402772
96402785
96402797
96402803
96402809
96402816
96402820
96402837
96402843
96402845
96702006
96702025
96702042
96702131
96704245
96704270
96704659
96704685
96704709
96704721
96704737
96704751
96704781
96704793
96704803
96704806
96704815
96704823
96704838
96704843
96704845
96704851
96704870
96704871
96704883
96704884
96704906
96704910
96704915
96704918
96704921
96704923
96704926
96704927
96704930
96704932
96704937
96704942
96704943
96704952
96704953
96901597
96902283
96902395
96902478
96902616
96902670
96902678
96902684
96902687
96902698
96902783
96902804
96902817
96902917
96902941
96902945
96902960
96902995
96903027
96903029
96903073
96903076
96903091
96903094
96903097
96903116
96903124
96903137
96903138
96903146
96903158
96903170
96903174
96903177
96903214
96903216
96903219
96903229
96903243
96903245
96903259
96903263
96903266
96903285
96903307
96903309
96903311
96903327
97002461
97002547
97002655
97002849
97002869
97002890
97002934
97002944
97002975
97002989
97003032
97003041
97003059
97003069
97003074
97003076
97003080
97003085
97003087
97003088
97003098
97003100
97003186
97003227
97003239
97003256
97003259
97003262
97003289
97003303
97003304
97003308
97003309
97003318
97003319
98103206
98104120
98104293
98104380
98104402
98104407
98104430
98104455
98104460
98104462
98104475
98104488
98104493
98104500
98104502
98104511
98104530
98104560
98104583
98104584
98104595
98104606
98104607
98104612
98104614
98104615
98104626
98104632
98104643
98104645
98104648
98402150
98402228
98402292
98402301
98402312
98500163
98500336
98500463
98500544
98500767
98500795
98500972
98501165
98501195
98501220
98501225
98501226
98501234
98501236
98501238
98501261
98501271
98501278
98501280
98501288
98501292
98501298
99004235
99005461
99005772
99005792
99005820
99005904
99005919
99006040
99006045
99006093
99006103
99006134
99006155
99006171
99006174
99006189
99006203
99006212
99006221
99006227
99006239
99006248
99006253
99006254
99006255
99006261
99006267
99006268
99006281
99006293
99006294
99006297
99006312
99006319
99006320
99006327
99006329
99006330
99006337
99006350
99903899
99904133
99904333
99904371
99904441
99904489
99904521
99904530
99904546
99904549
99904589
99904615
99904620
99904624
99904662
99904672
99904680
99904688
99904701
99904716
99904722
99904725
99904737
99904741
99904742
99904745
99904747
99904748
99904750
99904754
99904786
99904788
99904792
