20002779
20002864
20002868
20104939
20400698
20401213
20401424
20401498
21007598
21605706
21605739
21606059
21606114
21606148
22005073
22005109
23004616
23004743
23004769
23004816
23004856
24402915
24403549
24403593
24403598
25603292
25603331
25603349
25603352
25603354
26102777
26102856
26102952
26103017
26103055
26103062
26103081
26103086
26304729
26304791
26304805
26304812
26304818
26304846
26304864
26304875
26402897
26402916
26402992
26403157
26403283
26403307
26403326
26403358
26403363
26403372
26403380
26503749
26504085
26504166
26504170
26504187
26504214
26504224
26504277
26604018
26604019
26604151
26604169
26604182
26604183
26604184
26604200
26604202
26604217
26604228
26604257
26703470
26703491
26703496
26703543
26703576
26703577
26703602
26802910
26804792
26804794
26804802
26804874
26804897
26804941
26804952
26805065
27003252
27003271
27003284
27003318
27003328
27003361
27202557
27203396
27203454
27203464
27203476
27203487
27203497
27203514
27203522
27203523
27203526
27203542
27302436
27402273
27402325
27500701
27602380
27702892
27702902
27702928
27702936
27902328
27902331
27902332
27902382
27902453
27902455
27902461
27902472
27902491
27902497
28202255
28202296
28202320
28202336
28202340
28202357
28202373
28202375
28202395
28302201
28302222
28302227
28302247
28403249
28403285
28603173
28603350
28603706
28801085
28801115
28801138
28902737
28902754
28902771
28902822
28902844
28902882
28902886
28902890
28902915
29104161
29104345
29104416
29104423
29104439
29104523
29104536
29104541
29104593
29104615
29104620
29104638
29104652
29104667
29104676
29104680
29104693
29104695
29104722
29104733
29104736
29104757
29104761
29104782
29104783
29104808
29104820
29203412
29203475
29203490
29203508
29302605
29302607
29302639
29302655
29302664
29302691
29302699
29302701
29302721
29302733
29302742
29302744
29302746
29302747
29302757
29302759
29302769
29302772
29302775
29302777
29302783
29302792
29302818
29702939
29702955
29702957
29702959
29903005
29903039
29903044
29903045
30005764
30005990
30101980
30102402
30102483
30102569
30102716
30102747
34603276
35402099
36007272
36007479
36007648
36007732
36503330
37103509
37104304
37104345
37104388
37104430
40101519
40101551
40101572
40101573
40101594
40101595
40101605
40203616
40203617
40203666
40203800
40203806
40203811
40203827
40203838
40402172
40402275
40402321
40402356
40402365
40402400
40402402
40402408
40402418
40402434
40402443
40402448
40402459
40402460
40402477
41004517
41004713
41005273
41005294
41005379
41005458
41005461
41005463
41005496
41005548
41005584
41005627
41005663
41005673
41005694
41005713
41005714
41005726
41005731
41005733
41005741
41005748
41005750
41005762
41005769
41005783
41005801
41005811
41005824
41005839
41005841
41005851
41005863
41005869
41005878
41005881
41005916
41005922
41801887
41802167
41802955
41802982
41802983
41802991
41802992
41803005
41803008
41803115
41803133
41803164
41803166
41803178
41803182
41803197
42202949
42203295
42203456
42204032
42204054
42204667
42204674
42204686
42204698
42204781
42204876
42204885
42204907
42204911
42204945
42204947
42204973
42204980
42204982
42204984
42205004
42302569
42302898
42302962
42302964
42303005
42303055
42303074
42303085
42303094
42303096
42303100
42303197
42303201
42303236
42303244
42303247
42303252
42303261
42303263
42303267
42303301
42303325
42303329
42303336
42303339
42303347
42303353
42303356
42303361
42303363
42303367
42303368
42303370
42303391
42303393
42303394
42303399
42901508
42901534
42901538
42901542
42901555
43002757
43003070
43003171
43003242
43003281
43003302
43003324
43003374
43003401
43003402
43003436
43003438
43003473
43103050
43103075
43103175
43103263
43103320
43103323
43103346
43103390
43103393
43103395
43103412
43103433
43103438
43103458
43303012
43303189
43303836
43303869
43304043
43304255
43304446
43304490
43304507
43304512
43304513
43304516
43304525
43304536
43304552
43304561
43304562
43304576
43304578
43304591
43304615
43304624
43304638
43401757
43401898
43402023
43402138
43402139
43402147
43402154
43402170
43402235
43402306
43402319
43402321
43402342
44103849
44104113
44104161
44104167
44104197
44104221
44104320
44104368
44104408
44104409
44104462
44104488
44104512
44104571
44104580
44502337
44502922
44503652
44503659
44503682
44503899
44504056
44504145
44504156
44504236
44504257
44504272
44504275
44504282
44504312
44504316
44504371
44504372
44504429
44504434
44504436
44504466
44504478
44504495
44504502
44504509
44504517
44504537
44701768
44701793
44701807
44701819
44701832
44701977
44701979
44701982
44701987
44701990
44701991
44701997
44701999
44702003
44702006
45002750
45002953
45002978
45003043
45003060
45003061
45003062
45003075
45003077
45003081
45003105
45003114
45003147
45003162
45503036
45503069
45503286
45503340
45503367
45503530
45503535
45503558
45503564
45503585
45503597
45503617
45503619
45503632
45503635
45601632
45700273
45700313
45700360
45700573
45700585
45700603
45700611
45700639
45902658
45902698
46102074
46102144
46102202
46102215
46102219
46102227
46102244
46102293
46102296
46102311
46701561
46701711
46701713
46701718
46701721
46701736
46701737
46701740
46701744
46701745
46701750
46701753
46701768
46802817
46803528
46803571
46804049
46804229
46804247
46804255
46804368
46804511
46804519
46804711
46804728
46804737
46804748
46804749
46804770
46804779
46804882
46804940
46804945
46804982
46805024
46805032
46805065
46805071
46805079
46805100
46805124
46805137
46805160
46805166
46805168
46805175
46805196
46805200
46805201
46805205
46805211
47003844
47005160
47005385
47005820
47005848
47005876
47005947
47006050
47006055
47006059
47006078
47006082
47006092
47006112
47006270
47110678
47110694
47110714
47110937
47110949
47110995
47111002
47111047
47111109
47111113
47111117
47111119
47111168
47111186
47111251
47111261
47111292
47111295
47111326
47111353
47111386
47111414
47111424
47111426
47111463
47111465
47111477
47111482
47111494
47111500
47111501
47111512
47111532
47111541
47111574
47111582
47111586
47111588
47111593
47111596
47111609
47111615
47111619
47111642
47111648
47111649
47111659
47111673
47111687
47111709
47111714
47111725
47111728
47111741
47111749
47111753
47111771
47111775
47111810
47111824
47111827
47111867
47111869
47502371
47502456
47502896
47503056
47503100
47503113
47503118
47503127
47503139
47503143
47503161
47503170
47503191
47503197
47503201
47503204
47503208
47503215
47503216
47503220
47503239
47604637
47604695
47604745
47604793
47604810
47604830
47604863
47604894
47604900
47604902
47604916
47604925
47604961
47605008
47605010
47605017
47605027
47605030
47605039
47605044
47605051
47605058
47701111
47701171
47701194
47701197
47801318
47801953
47802121
47802167
47802199
47802222
47802261
47802264
47802301
47802328
47802397
47802427
47802459
47802484
47802489
47802507
47802516
47802519
47802520
47802538
47802545
47802566
47802568
47802569
47802570
47802574
48005426
48005622
48005664
48005698
48005711
48005879
48005925
48005958
48005967
48005971
48005988
48005997
48006098
48006121
48006137
48006138
48006146
48006161
48006162
48006171
48006177
48006198
48006214
48006218
48006220
48006227
48006231
48006237
48006239
48006241
48006262
48006297
48501787
48501854
48501868
48501911
48501972
48501982
48501995
48501999
48502005
48502012
48502022
48502043
48502051
48502053
48502057
49202494
49202778
49203065
49203164
49203488
49203585
49204373
49204462
49204557
49204636
49204769
49204775
49204827
49204846
49204890
49204904
49204917
49204918
49204942
49204954
49204955
49204960
49204966
49204983
49204991
49205003
49205006
49205014
49205030
49205044
49205046
49205056
49205060
49205061
49205067
49205071
49205078
49205079
49205087
49205088
49205105
49205112
49205122
49205125
49205127
49205133
49205134
49205137
49205147
49205148
49205149
49205151
49205152
49205153
49205154
49205157
49205161
49205167
49205183
49205201
49303227
49303313
49304036
49304233
49304342
49304694
49304780
49304811
49304903
49304958
49304963
49304972
49304973
49304986
49304998
49305037
49305038
49305089
49305101
49305103
49305120
49305158
49305188
49305210
49305222
49305239
49305243
49305266
49305277
49305287
49305301
49305320
49305333
49305348
49305359
49305364
49305366
49305376
49305380
49305381
49305384
49702340
49702358
49702432
49702444
49702461
49702471
49702486
49702489
49702491
49702492
49702496
49702497
49702498
49702500
49702501
49702503
50004559
50004702
50004969
50005049
50005103
50005113
50005114
50005139
50005176
50005181
50005184
50005214
50101821
50102678
50102820
50102896
50102987
50103037
50103061
50103144
50103207
50103216
50103329
50103361
50103369
50103394
50103397
50103452
50202889
50202949
50202964
50202983
50203094
50203123
50203135
50203147
50203179
50303116
50303286
50303344
50303409
50303504
50303526
51103539
51103886
51104767
51104829
51104911
51104923
51105181
51105225
51105318
51105331
51105332
51105346
51105374
51105446
51105505
51105516
51105526
51105555
51105564
51105590
51105605
51105612
51105613
51105640
52102059
52102161
52102283
52102376
52102437
52102512
52102530
52102639
52102655
52102678
52102735
52102770
52102779
52102782
52102791
52102815
52505539
52505577
52507509
52507622
52507682
52507685
52507833
52507861
52508046
52508098
52508100
52508106
52508107
52508118
52508120
52508134
52508137
52508145
52508150
52508164
52508180
52508183
52508184
52508192
52508194
52508433
52508608
52704517
52704686
52704728
52704747
52704751
52704752
52704761
52704769
52704816
52704823
52704842
52704844
52704845
52704855
52704864
52704869
53003972
53004109
53004123
53004155
53004211
53004214
53004218
53004239
53004251
54101205
54101391
54101693
54101756
54101799
54101828
54101835
54101848
54101852
54101886
54101896
54101922
54101927
54101933
54101957
54101961
54101966
54101974
54101992
54501159
54501529
54501678
54501852
54502094
54502544
54502560
54502795
54502837
54502854
54502877
54502890
54502904
54502962
54702378
54702578
54702579
54702650
54702654
54702712
54702713
54702721
54702766
54702779
54702793
54702804
54702812
54702831
54702838
54702841
54702851
54702856
54702868
54702869
54702880
54702883
54702892
54702894
54702897
54702899
54702905
54702919
54702921
54702924
54702926
54702933
54702934
54702937
54702939
54702941
54702942
54702952
54903506
54903558
54903640
54903697
54903710
54903717
54903718
54903770
54903778
54903790
54903801
54903807
54903825
54903826
54903842
54903847
54903869
54903881
54903882
54903894
54903895
54903909
55002415
55002589
55002604
55002798
55002834
55002840
55002844
55002865
55002916
55002939
55002963
55002979
55002999
55003007
55003075
55003111
55003113
55003121
55003125
55003136
55003154
55003160
55003173
55003176
55003198
55003200
55003204
55003215
55003222
55003225
55003250
55003256
55003277
55003293
55003307
55003315
55003321
55003341
55003355
55003365
55003379
55003396
55003397
55003403
55502808
55502930
55502945
55502951
55502973
55502995
55503021
55503059
55503120
55503130
55503137
55503170
55503262
55503263
55503264
55503269
55503273
55503288
55503294
55801418
55801721
55801742
55801854
55801984
55802012
55802021
55802023
55802072
55802113
55802128
55802129
55802147
55802156
55802157
55802168
55802169
55802220
55802222
55802237
55802254
56001573
56002423
56003018
56003118
56003302
56003677
56003710
56003903
56004000
56004010
56004080
56004101
56004151
56004213
56004264
56004313
56004345
56004351
56004421
56004433
56004435
56004438
56004454
56004497
56004502
56004504
56004506
56004508
56004510
56004519
56004528
56004538
56004540
56004541
56004555
56004556
56004562
56004564
56004567
56004588
56004591
56100949
56101656
56101703
56102424
56102663
56102676
56102803
56102878
56102915
56102921
56102942
56102954
56102964
56102988
56102997
56103020
56103043
56103068
56103074
56103085
56103096
56103104
56103145
56103176
56103190
56103192
56103212
56103214
56103230
56103238
56103239
56103251
56103261
56103281
56103289
56103290
56103291
56103296
56103301
56103305
56103308
56103310
56103328
56103333
56103337
56103338
56103353
56103372
56103384
56103391
56103393
56103394
56103404
56103405
56103419
56103426
56103448
56103452
56103458
56103465
56103470
56103478
56103484
56103512
56103526
56800949
56801289
56801981
56802057
56802076
56802127
56802213
56802239
56802387
56802408
56802421
56802423
56802454
56802494
56802507
56802519
56802658
56802686
56803066
56803067
56803072
56803081
56803087
56803097
56803110
56803128
57204568
57205207
57205619
57205816
57205865
57205871
57205998
57206068
57206071
57206075
57206103
57206107
57206108
57206110
57206215
57206250
57206258
57206280
57206285
57206309
57206316
57206327
57206364
57206374
57206379
57206397
57206401
57206434
57206437
57206440
57206459
57206474
57206477
57206479
57503412
57503435
57503488
57503502
57503524
57503581
57503622
57503633
57503646
57503648
57503655
57503657
57503667
57503677
57503681
57503699
57503702
57503703
57503729
59001953
59001965
59002330
59002565
59002590
59002742
59002751
59002773
59002792
59002892
59002921
59002930
59002934
59002952
59003000
59003001
59003009
59003010
59003015
59003021
59003024
59003026
59003036
59003037
59003058
59003060
59003062
59003063
59003071
59003079
59003081
59003090
59003098
59003099
59003105
59003140
59003163
59003181
60203469
60204174
60204605
60204608
60204677
60204719
60204720
60204728
60204737
60204743
60204759
60204764
60204768
60204769
60204770
60204797
60204799
60204823
60204824
60204825
60204850
60204870
60204880
60204886
60204888
60204910
60204965
60204967
60204969
60204970
60204983
60204994
60205002
60205030
60205031
60205035
60205042
60205055
60205058
60205070
60205084
60205091
60205095
60205111
60205117
60205120
60205123
60205126
60205129
60205138
60205140
60205144
60205148
60205155
60205165
60205167
60205175
60205186
60205190
60205192
60205193
60205202
60205206
60205212
60402192
60402442
60402681
60402983
60403100
60403299
60403427
60403570
60403588
60403592
60403654
60403697
60403715
60403756
60403788
60403801
60403809
60403823
60403827
60403831
60403832
60403836
60403839
60403884
60403902
60403904
60403929
60701343
60701412
60701570
60701596
60701769
60701866
60701881
60701904
60701914
60701979
60702030
60702043
60702057
60702070
60702077
60702103
60702113
60702120
60702126
60702127
60702149
60702157
60702163
60702177
60702199
60702200
60702206
60702207
60702209
60802021
60802848
60802851
60802869
60802937
60802943
60802969
60803058
60803106
60803112
60803118
60803148
60803167
60803181
60803182
60803193
60803195
60803211
60803220
60803245
60803254
60803262
60803263
60803274
60803292
60803295
60803307
60803314
60803317
60803320
60803335
60803336
60803339
60803356
60803360
60803373
60803377
60803384
60901518
60902537
60903061
60904048
60904050
60904177
60904593
60904607
60905002
60905353
60905369
60905392
60905437
60905675
60905721
60905743
60905751
60905753
60905758
60905764
60905786
60905794
60905822
60905824
60905831
60905855
60905890
60905894
60905905
60905914
60905919
60905921
60905958
60905965
60905968
60905974
60905978
60905979
60905988
60906028
60906051
60906055
60906056
60906057
60906063
60906072
60906074
60906089
60906103
60906118
60906120
60906125
60906132
60906138
60906143
60906163
60906169
61003634
61004426
61004456
61005491
61005754
61007224
61007606
61008446
61010420
61010714
61010913
61011120
61011281
61011513
61011545
61011573
61011792
61011809
61011826
61011846
61011909
61011923
61011950
61011952
61011960
61011966
61012028
61012040
61012049
61012056
61012057
61012067
61012105
61012127
61012173
61012202
61012208
61012209
61012212
61012215
61012219
61012236
61012239
61012240
61012242
61012257
61012262
61012263
61012285
61012286
61012287
61012289
61012290
61012291
61012295
61012312
61012315
61102578
61103695
61103979
61104008
61104174
61104186
61104216
61104218
61104261
61104280
61104290
61104292
61104296
61301107
61301752
61301889
61302114
61302172
61302290
61302308
61302368
61302473
61302515
61302567
61302591
61302608
61302736
61302767
61302777
61302788
61302803
61302841
61302851
61302859
61302885
61302906
61302914
61302923
61302934
61302936
61302943
61302952
61302963
61302976
61302985
61502495
61502708
61502726
61502763
61502864
61502865
61502869
61502873
61502892
61502906
61502912
61502926
61502931
61503013
61503014
61503056
61503064
61503067
61503070
61503082
61503103
61503105
61503107
61503115
61503116
61503119
61801884
61802165
61802269
61802293
61802460
61802464
61802467
61802477
61802478
61802480
61802488
61802490
61802507
61802510
62302095
62302363
62302468
62302879
62303368
62303578
62303814
62303903
62303952
62303996
62304024
62304072
62304076
62304086
62304107
62304174
62304244
62304264
62304271
62304273
62304284
62304288
62304301
62304310
62304332
62304333
62304338
62304340
62304355
62304356
62304360
62304362
62703138
62704372
62705199
62705731
62705739
62705763
62705764
62705804
62705838
62705888
62705969
62705996
62705998
62706001
62706036
62706064
62706070
62706101
62706117
62706119
62706120
62706127
62706141
62706143
62706144
62706149
62706154
62706160
62706179
64200870
64201137
64201709
64202088
64202461
64202567
64202647
64202652
64202686
64202692
64202697
64202704
64202715
64202718
64202741
64202769
64202777
64202778
64202787
64202804
64202832
64202845
64202847
64202855
64202858
64202863
64202869
64300579
64301057
64301400
64301523
64301583
64301645
64301656
64301671
64301682
64301796
64301829
64301852
64301865
64301867
64301868
64301892
64301898
64301899
64301901
64301911
64303810
64303866
65800971
65801587
65801923
65802025
65802083
65802220
65802247
65802329
65802370
65802373
65802390
65802401
65802432
65802437
65802484
65802489
65802523
65802539
65802541
65802576
65802604
65802663
65802673
65802691
65802695
65802702
65802717
65802735
65802747
65802748
65802751
65802757
65802758
65802761
67102340
67103030
67103112
67103149
67103152
67103170
67103181
67103199
67103246
67103311
67103323
67103374
67103375
67103398
67103432
67103466
67103472
67103478
67201691
67201705
67201772
67201802
67201813
67201822
67201824
67201826
67201874
67201877
67301202
67301209
67301252
67301270
67301301
67301304
67301310
67301311
67301342
67301343
67301355
67301383
67301388
67301390
67301404
67301406
67301414
67401453
67401608
67401649
67401697
67401763
67401806
67401886
67401890
67401898
67401901
67401924
67401929
67401934
67401943
67600982
67601473
67601503
67601550
67601851
67601941
67601964
67601993
67602040
67602107
67602127
67701166
67701272
67701496
67701528
67701548
67701593
67701613
67701630
67701642
67701662
67701669
67701670
67701678
67701683
67701690
67701697
67701712
67701731
67701742
67701762
67701786
67900145
67900219
67900293
67900402
67900443
67900452
67900458
67900487
68001345
68002409
68002574
68004148
68004292
68004783
68005233
68005532
68006043
68006254
68006420
68006632
68006639
68006718
68006739
68006811
68006837
68007196
68007208
68007272
68007345
68007367
68007385
68007581
68007603
68007679
68007777
68007791
68007795
68007796
68007799
68007822
68007859
68007876
68007886
68007935
68007993
68008005
68008017
68008051
68008054
68008056
68008070
68008084
68008098
68008106
68008109
68008119
68008134
68008143
68008146
68008170
68008181
68008198
68008212
68008216
68008231
68008236
68008263
68008267
68008275
68008293
68008303
68008310
68008318
68008327
68008341
68008350
68008353
68008362
68008373
68008378
68008383
68008384
68008389
68008399
68008406
68008410
68008413
68008423
68008424
68008432
68008438
68304809
68304945
68305059
68305121
68305248
68305257
68305261
68305377
68305379
68305385
68305390
68305394
68305491
68305502
68305522
68305523
68305546
68305562
68305625
68500717
68503726
68503933
68503945
68701908
68701962
68702028
68702092
68702120
68702127
68702129
68702140
68702156
68702157
68702169
68702170
68702172
68702176
68702179
68702181
68702183
68702185
68702193
68702200
68702213
68702217
68702218
68702223
68702240
68702243
68702250
68702253
68702258
68702270
68702279
68702283
68702292
68702295
68800939
68802139
68802145
68802146
68802150
68802183
68802195
68802208
68802209
68802232
68802235
68802240
68802254
68802258
68802261
68802265
68802267
68802280
69200300
69203727
69205621
69205686
69205732
69206212
69206837
69206909
69206971
69207010
69207284
69207325
69207373
69207424
69207661
69207807
69207836
69207865
69207886
69207929
69208006
69208019
69208135
69208282
69208414
69208436
69208452
69208468
69208505
69208513
69208527
69208528
69208533
69208583
69208604
69208617
69208641
69208649
69208650
69208683
69208716
69208726
69208742
69208817
69208831
69208848
69208868
69502487
69502519
69502714
69503026
69503177
69503306
69503387
69503432
69503453
69503497
69503601
69503608
69503621
69503624
69503666
69503698
69503710
69503737
69503749
69503757
69503776
69503778
69503836
69503843
69503861
69503869
69503896
69503935
69503964
69503965
69504006
69504010
69504036
69504055
69504057
69504062
69504069
69504077
69504133
69504138
69504152
69504156
69504168
69508076
69509102
69602507
69602570
69603015
69603470
69603558
69603570
70003703
70004384
70004533
70004654
70004709
70004781
70004813
70004932
70004974
70004990
70005000
70005005
70005009
70005011
70005012
70005019
70005027
70005028
70005034
70005035
70005062
70005069
70005093
70005099
70005279
70500609
70501953
70502016
70502017
70502033
70502078
70502191
70502520
70502789
70502801
70502866
70502920
70502944
70503259
70503326
70503331
70503353
70503384
70503389
70503411
70503472
70503523
70503553
70503558
70503611
70601860
70601866
70601879
70601898
70706607
71101739
71102786
71102979
71103082
71103152
71103315
71103362
71103547
71103668
71103826
71103861
71103894
71103932
71103980
71104046
71104160
71104306
71104316
71104341
71104373
71104387
71104388
71104390
71104400
71104436
71104446
71104456
71104458
71104465
71104496
71104517
71104521
71104531
71104558
71104572
71104577
71104592
71104599
71104617
71104622
71104653
71203307
71203432
71306244
71405785
71405972
71406309
71406500
71406698
71500383
71500403
71502972
71503013
71503199
71503434
71503459
71503527
71503597
71503621
71503741
71603952
71604846
71605022
71605052
71605265
71605372
71700232
71700302
71700336
71700343
71700344
71700353
71700356
72001002
72001199
72001545
72001669
74800635
74800674
75203138
75203422
75204772
75205612
75205886
75205891
75205897
75205929
77000165
77000947
77001099
77002550
77002640
77003101
77003120
77003147
77003245
77006442
77100307
77100945
77101924
77102082
77102120
77102617
77102635
77102668
77102674
77102676
77102697
77102791
77102810
77102829
77102847
77600427
77602640
77603535
77603745
77603915
77604070
77604183
77604203
77604347
77604478
77604542
77604624
77604692
77604768
77604788
77604803
77604807
77604812
77604813
77604814
77604827
77604828
77604831
77604849
77604850
77604859
77604876
77604891
78603010
78603427
78603437
78603508
78603590
78603751
78603771
78603928
78603949
78603997
78604028
78604230
78604260
78604338
78604373
78604463
78604500
78604578
78604588
78604640
78604697
78604700
78604720
78604728
78604739
78604742
78604745
78604783
78604792
78604803
78604819
78604892
78604919
78604922
78604923
78604927
78604930
78604990
78605031
78605044
78605050
78605067
78605068
78605079
78605081
78605094
78605102
78605120
78605123
79000464
79000883
79001549
79001561
79001874
79002055
79002303
79002544
79002581
79002667
79003005
79003120
79003231
79003246
79003322
79003433
79003507
79003729
79003737
79003821
79003829
79003888
79003935
79003989
79004010
79004011
79004041
79004042
79004061
79004065
79004080
79004153
79004163
79004165
79004174
79004181
79004222
79004225
83607348
83702853
84006099
84006252
84006390
84104770
84104799
85201273
85202680
85202958
85203152
85203279
85203301
85504129
85504308
85504438
86103777
86103895
86104181
86104364
86104395
86104464
86104475
86104479
86104540
86104606
86302951
86305654
87003697
87003728
87105808
87105850
87105951
87105985
87203157
87508162
87508274
87508377
87508463
87601656
87601777
87601798
87601841
87601857
87601871
87601878
87601929
87601948
87601961
87601975
87601983
88103028
88103764
88103765
88103797
88103890
88103900
88103924
88103959
88104008
88104023
88202709
88202833
88203380
88203680
88204046
88204247
89001307
89003043
89003075
89003143
89103382
89103431
89103598
89304633
89304725
89304736
89304808
89304828
89304847
89304984
89305031
91302586
91303303
91303734
91303766
91303915
91303945
91303962
91304093
91304295
91304344
91304429
91304493
92101396
92301872
92401749
92401986
92402130
92402174
92402524
92402626
92402820
93005619
93005626
93005629
93005796
93005809
93005894
93005919
93005946
93005989
93302654
93302910
93302938
93303001
93303148
93303173
93303181
93303185
93303196
93303210
93303228
93303234
93802635
93802665
93802808
94002388
94002470
94401805
94403028
94403523
94403525
94403570
94600677
94600681
94600921
94601423
94601519
94601594
94601630
94601726
94601742
94601773
94601798
94601896
94602106
94602169
94602171
94602189
94602198
94602222
94602250
94602253
94602291
94602301
94602302
94602334
94602345
94602348
94602357
94602360
94602368
94602370
94602372
94602373
94602385
94602388
94602391
94602392
94602398
94602403
94602415
94602417
94602429
95206274
95207640
95207781
95207798
95207846
95207859
95602448
95602544
95602742
95603138
95603221
95603235
95603243
95603249
95603252
95603253
95701775
95703409
95704634
95705018
95705110
95705116
95705223
95705262
95705464
95705616
95705637
95705685
95705688
95705711
95705723
95705727
95705754
95705760
95705764
95705775
95705778
95705782
95705796
95802408
95802766
96402620
96402685
96402689
96402690
96402709
96402727
96402730
96402743
96402744
96402759
96402766
96402771
96402772
96402785
96402820
96402843
96702006
96702025
96702042
96704781
96704823
96704838
96704843
96704884
96704910
96704923
96704927
96704930
96704937
96901597
96902283
96902678
96902698
96902945
96902960
96903027
96903073
96903076
96903091
96903094
96903116
96903146
96903170
96903214
96903243
96903245
96903263
96903307
96903311
96903327
97002547
97002890
97003080
97003259
97003317
98104380
98104430
98104488
98104614
98500163
98501195
98501225
98501234
98501236
98501261
98501271
98501278
98501283
98501288
98501292
99005461
99005820
99006155
99006239
99006261
99006294
99006320
99006330
