50303344
61012173
61302567
61302851
67701613
67701642
67701712
69208414
69208436
70003703
70004384
70004533
70004654
70004709
70004781
70004813
70004932
70004974
70004990
70005000
70005005
70005009
70005011
70005012
70005019
70005027
70005028
70005034
70005035
70005062
70005069
70005093
70005099
70005279
70500609
70501953
70502016
70502017
70502033
70502078
70502191
70502520
70502789
70502801
70502866
70502920
70502944
70503259
70503326
70503331
70503353
70503384
70503389
70503411
70503472
70503523
70503553
70503558
70503611
70601860
70601879
70601898
70706607
71101739
71102786
71102979
71103082
71103152
71103315
71103362
71103547
71103668
71103826
71103861
71103894
71103932
71103980
71104046
71104160
71104306
71104316
71104341
71104373
71104387
71104390
71104400
71104436
71104446
71104456
71104458
71104465
71104496
71104517
71104521
71104531
71104558
71104572
71104577
71104592
71104599
71104617
71104622
71104653
71203307
71203432
71306244
71405785
71405972
71406500
71500383
71500403
71502972
71503013
71503199
71503434
71503459
71503527
71503597
71503621
71503741
71603952
71605022
71605052
71605265
71605372
71700232
71700302
71700343
71700353
72001002
72001199
72001545
72001669
74800635
75203138
75203422
75204772
75205612
75205886
75205891
75205897
75205929
77000165
77000947
77001099
77002550
77002640
77003101
77003120
77003147
77003245
77006442
77100307
77100945
77101924
77102082
77102120
77102617
77102635
77102668
77102674
77102676
77102697
77102791
77102810
77102829
77102847
77600427
77602640
77603535
77603745
77603915
77604070
77604183
77604203
77604347
77604478
77604542
77604692
77604768
77604788
77604803
77604807
77604812
77604813
77604814
77604827
77604828
77604831
77604849
77604850
77604859
77604876
77604891
78603010
78603427
78603437
78603508
78603590
78603751
78603771
78603928
78603949
78603997
78604028
78604230
78604260
78604338
78604373
78604463
78604500
78604578
78604588
78604640
78604697
78604700
78604720
78604728
78604739
78604742
78604745
78604783
78604792
78604803
78604819
78604892
78604919
78604922
78604923
78604927
78604930
78604990
78605031
78605044
78605050
78605067
78605068
78605079
78605081
78605094
78605102
78605120
78605123
79000464
79000883
79001549
79001561
79001874
79002055
79002303
79002544
79002581
79002667
79003005
79003120
79003231
79003246
79003322
79003433
79003507
79003729
79003737
79003821
79003829
79003888
79003935
79003989
79004010
79004011
79004041
79004042
79004061
79004065
79004080
79004153
79004163
79004165
79004174
79004181
79004222
79004225
83607348
83702853
84006099
84006252
84006390
84104770
84104799
85201273
85202680
85202958
85203152
85203279
85203301
85504129
85504308
85504438
86103777
86103895
86104181
86104364
86104395
86104464
86104475
86104479
86104540
86104606
86302951
86305654
87003697
87003728
87105808
87105850
87105951
87105985
87203157
87508162
87508274
87508377
87508463
87601656
87601777
87601798
87601841
87601857
87601871
87601878
87601929
87601948
87601961
87601975
87601983
88103028
88103764
88103765
88103797
88103890
88103900
88103924
88103959
88104008
88104023
88202709
88202833
88203380
88203680
88204046
88204247
89001307
89003043
89003075
89003143
89103382
89103431
89103598
89304633
89304725
89304736
89304808
89304828
89304847
89304984
89305031
91302586
91303303
91303734
91303766
91303915
91303945
91303962
91304093
91304295
91304344
91304429
91304493
92101396
92301872
92401749
92401986
92402130
92402174
92402524
92402626
92402820
93005619
93005629
93005796
93005809
93005894
93005919
93005946
93005989
93302654
93302910
93302938
93303001
93303148
93303173
93303181
93303185
93303196
93303210
93303228
93303234
93802635
93802665
93802808
94002388
94002470
94401805
94403028
94403523
94403525
94403570
94600677
94600681
94600921
94601423
94601519
94601594
94601630
94601726
94601742
94601773
94601798
94601896
94602106
94602169
94602171
94602189
94602198
94602222
94602250
94602253
94602291
94602301
94602334
94602345
94602348
94602357
94602360
94602368
94602370
94602372
94602373
94602385
94602388
94602391
94602392
94602398
94602403
94602415
94602417
94602429
95206274
95207640
95207781
95207798
95207846
95207859
95602448
95602544
95602742
95603138
95603221
95603235
95603243
95603249
95603252
95603253
95701775
95703409
95704634
95705018
95705110
95705116
95705223
95705262
95705464
95705616
95705637
95705685
95705688
95705711
95705723
95705727
95705754
95705760
95705764
95705775
95705778
95705782
95705796
95802408
95802766
96402620
96402685
96402689
96402690
96402709
96402727
96402730
96402743
96402744
96402759
96402766
96402771
96402772
96402785
96402820
96402843
96702006
96702025
96702042
96704781
96704823
96704838
96704843
96704884
96704910
96704923
96704927
96704930
96704937
96901597
96902283
96902678
96902698
96902945
96902960
96903027
96903073
96903076
96903091
96903094
96903116
96903146
96903170
96903214
96903243
96903245
96903263
96903307
96903311
96903327
97002547
97002890
97003080
97003259
98104380
98104430
98104488
98104614
98500163
98501195
98501225
98501234
98501236
98501261
98501271
98501278
98501288
98501292
99005461
99005820
99006155
99006239
99006261
99006294
99006320
99006330
